1;51.448154;7.268802
2;51.449191;7.267171
3;51.447633;7.269457
4;51.447987;7.270572
5;51.5221093;7.2802403
6;51.48463244;7.215821029
7;51.45276667;7.142353333
8;51.4423958;7.340347104
9;51.42186667;7.1641
10;51.45093333;7.230973333
11;51.47040798;7.31512184
12;51.48373333;7.215693333
13;51.47996667;7.141695
14;51.52776667;7.160696667
15;51.46383333;7.320606667
16;51.42917088;7.335854522
17;51.47862762;7.215846381
18;51.49130149;7.242575476
19;51.499;7.224783333
20;51.47327387;7.216291982
21;51.4449;7.344383333
22;51.4886;7.209143333
23;51.49093333;7.2009
24;51.46996667;7.222983333
25;51.44526667;7.164636667
26;51.53771875;7.227118333
27;51.5442;7.215746667
28;51.52406667;7.15479
29;51.46746476;7.218486857
30;51.49233333;7.19519
31;51.517;7.272846667
32;51.48996667;7.205266667
33;51.47773333;7.142853333
34;51.49323333;7.213013333
35;51.51356667;7.211143333
36;51.43806667;7.295773333
37;51.46346667;7.233043333
38;51.476;7.21537
39;51.54793333;7.215583333
40;51.48973333;7.232876667
41;51.4896;7.206586667
